95107
67289
249903
492066
314673
266792
151290
145493
91507
197235
253228
198283
300048
118174
100861
193382
97755
214651
160798
194394
241345
107670
224446
180879
130397
154577
193274
182189
532748
186628
50011
244299
126619
114988
240801
140493
87036
306835
104710
93562
246467
123697
324035
56071
188463
212409
280295
170710
182537
87682
197577
202824
130743
156409
156474
184176
84693
143761
128640
178072
218754
121502
87228
89854
108871
112467
156539
205440
185720
250915
147807
90949
69034
78478
129740
214435
175525
45944
48914
63220
121069
166124
121876
127395
136632
85699
138309
99543
171300
193821
197090
146683
263908
158489
173891
145517
115753
156824
252669
214957
180531
175060
181847
178883
55779
55927
203333
76397
118560
104370
98213
148701
329882
191091
222724
238113
93996
98303
119618
53355
65112
117289
89177
114469
133668
64814
131787
153756
146385
100752
115267
79313
107828
84296
97889
79715
117351
79657
55772
283848
296588
198669
188983
204429
123384
112079
155890
84568
91802
121116
127176
106137
145973
155267
168056
174908
180915
144900
220324
116017
111488
147798
151941
215172
332211
91652
303585
253983
255022
116422
109405
313267
323478
308773
380269
263462
254448
197818
217120
312323
339030
147540
370949
356003
345754
374777
99362
142990
140225
236557
260706
409185
525255
133005
201711
186892
238899
240765
435428
404632
