460218
1914317
1528223
5428733
2274349
1671031
1440738
876162
1275999
1093473
1254295
1300052
1843971
1117140
1042745
1303081
1111755
1277676
1036549
1736221
1341665
1462213
1786243
1366632
1350396
1496437
1235518
1477808
12362208
2843295
172214
3656167
2321518
587283
2645837
1316801
154590
3615451
858224
227870
2288856
984551
2854700
256207
1749091
1921683
936597
585990
801576
448436
978483
783082
560460
661993
678179
688987
492100
644937
716538
1114224
1195281
841572
652156
738931
904422
1122831
1649492
1661484
1094168
966564
598815
702817
633725
850819
1194491
1096189
758638
254223
162819
486955
1344861
1880443
1369832
1278940
987059
586739
872140
1498831
1261701
1553677
1745338
932716
1620870
1515962
1286844
2489087
986591
1779986
2728754
1862832
1111095
1074719
1203886
1177081
120402
273234
2124963
471020
1610909
975754
714170
1917113
3586631
1982977
2174157
1986241
516667
736188
1099575
200114
456132
907774
619049
876786
1205309
385621
969038
1287183
1087576
768379
1084773
972461
934308
751607
963472
501537
931126
812205
412316
3565635
4018361
3239966
3035325
3073939
2130470
1955665
1988415
1296662
1882535
2181691
1476866
1158585
1368060
1460674
1442970
1393206
1631887
1272230
2384653
929690
1060089
1201102
1114792
2075018
3361771
1041047
2450482
1643133
2037473
991691
700012
2281417
1242694
1113880
2311651
1379170
1536094
1201981
1221198
1655172
1611267
541923
1297331
1209023
1272110
1474243
427949
706750
656569
1481866
2081061
2832083
2876227
964202
1344479
1172299
1205698
1299036
2634572
2637111
