175081
335580
540452
1112503
671614
592694
486357
361173
337329
373785
458617
436937
618736
310585
291549
438859
272984
415997
337952
410972
462708
329174
441295
405500
328973
373489
397202
401258
1168014
452044
68204
650249
421642
206096
545958
327593
111235
763639
226509
135780
601153
294870
800922
93156
432715
557357
484465
322443
352383
190975
456134
377180
282203
297984
343470
356982
197809
294893
277899
464013
482019
338372
189989
199224
235089
269123
391329
473309
435670
475225
262601
193873
156451
212609
342284
416577
354923
98528
75542
166379
361997
465723
343771
366252
333887
158792
251135
317090
322691
390798
406305
281791
514247
374955
345592
512812
262447
410262
641047
529807
407343
384486
416442
405198
70852
95959
395229
144099
311497
238784
214268
390743
829140
548342
590964
616039
170371
216693
280153
79194
123592
238905
168971
236105
314656
124833
276165
333052
309195
174542
257589
168551
253864
183878
239981
177151
290608
154561
115650
600981
693516
425923
442341
540336
336018
286257
444200
243682
234382
350266
345694
281619
343493
380062
385584
397832
454154
315190
583634
234211
251792
387873
337929
583220
878116
250151
793963
568489
675194
349104
248802
769900
591690
550588
856248
562776
564796
410479
440639
685414
621446
253568
620335
567637
563049
651659
172301
270182
249011
494073
571878
877245
1155884
335022
506743
432825
487092
519399
996157
966597
