631820
2526778
1646831
9774079
3559408
2392605
2085739
1245121
1905979
1559940
1666326
1846288
2564263
1623104
1561309
1854104
1735826
1828657
1519295
2678209
1922164
2310071
2680584
2026646
2049151
2254306
1767355
2196378
18861179
4816622
271814
6010198
3840356
886380
4362378
2104509
174885
5997221
1397321
287855
3634380
1557590
4339672
373034
2907369
3037203
1168267
724623
1078464
609087
1257931
1006705
707099
893338
867100
860641
664291
851321
981952
1473610
1585740
1116411
953099
1095766
1342852
1660449
2472622
2442862
1522288
1275246
789730
1009159
912429
1225245
1703039
1504185
995883
330773
200276
737071
2148783
3113532
2257577
1615739
1377602
854534
1217960
1946421
1737655
2253702
2469751
1299239
2270280
2004386
1783869
3383538
1434659
3193167
4831954
3089252
1535214
1438309
1653033
1666133
156549
371040
3262991
667709
2352239
1482092
998380
2934206
5591939
2694261
3428021
3169851
775949
1120021
1662929
229421
664030
1261247
860211
1255192
1720959
545363
1382350
1909348
1550939
1249384
1550631
1432720
1257514
1009019
1346163
582502
1142685
1399107
591547
6394587
6976703
6040489
5456321
5143940
3107516
2889786
2514724
1634576
2651216
3203720
1972156
1521615
1893346
1950763
1950156
1919362
2118938
1860162
3321024
1425061
1478005
1531569
1558270
2905204
5238037
1748418
3644920
2589245
3129521
1204525
960602
3629982
1848849
1623749
3546406
2150003
2539711
2027833
1991940
2369748
2417555
736747
1766967
1684168
1832492
2068652
625032
1016667
928936
2215100
3413167
4486752
4241394
1525914
2010808
1771565
1688704
1778982
3658999
3661402
