334473
1348466
1047252
2893710
1466875
1172099
998603
633649
861246
781940
946496
927070
1321396
768485
697779
910985
715788
893092
717800
1099840
929927
902725
1152519
918342
867486
969430
852469
974996
6563792
1550865
115004
2088664
1381594
402504
1560833
822078
134766
2084214
521660
185050
1414338
615841
1857098
177950
1019254
1239376
762249
484259
596529
328279
768539
620868
470282
530239
570371
585928
379944
517535
557652
883475
930714
661823
459696
506626
615206
747700
1079063
1126519
813423
765153
457940
477341
430030
584359
841033
807061
597141
206460
134690
344206
884075
1192008
873050
860181
726060
396305
594167
985040
879820
1033807
1142816
644540
1139745
1032724
896201
1619546
651803
1107883
1640937
1172928
787613
751949
841764
831603
96580
197250
1289199
319366
1009801
621168
499022
1169540
2318048
1354131
1444015
1312664
339179
490820
732102
150780
299664
621038
416828
578272
788067
233026
646208
844429
734250
449966
696456
581797
654369
495927
663321
396420
736333
481460
278811
1950751
2243569
1626559
1594899
1808225
1211749
1020637
1322929
825041
1034163
1339332
1068649
823458
966498
1025238
1006609
1016229
1248475
878091
1735299
668512
763191
973624
788177
1569032
2462573
696570
1778502
1140138
1437323
721247
510873
1526292
913189
828392
1550850
946463
992523
743394
781431
1147413
1078930
396219
953981
877995
895888
1045248
293648
481874
449816
970051
1243633
1755294
1953336
613538
897268
776849
851220
925496
1852734
1846380
