246256
766358
730529
1756038
986846
841173
705522
470570
561196
549391
680661
658570
930432
511145
464303
631165
459816
625577
498147
684744
654604
561596
731755
619476
549555
617271
586075
635568
2868324
818826
87951
1190073
823624
292397
914987
519729
117034
1225416
334145
157453
919390
435314
1240843
128070
658540
847112
622871
411534
477890
268795
648302
516399
392226
419318
471341
490635
292344
401547
417327
685990
699241
495255
309570
329453
394180
459134
655995
733352
599622
608768
348564
314669
275004
377905
568214
591570
466631
139192
102917
244858
573130
768349
582626
597372
513092
261297
390370
617675
541349
648823
688149
429432
777992
659224
558734
1026062
447616
742993
1074797
776387
563193
546178
602912
572883
81625
141326
731217
215828
576710
388173
338463
690468
1412315
895238
1015062
939427
246227
346319
478761
112552
194107
385150
268464
376602
510453
168582
426692
534365
485139
273257
436694
316323
424799
311497
412124
278764
520387
270350
181811
1069955
1250655
800114
825014
1017199
650143
522229
800350
468306
464326
682347
610876
491517
598931
639584
636509
654589
788018
538284
1050365
397942
443536
637279
530228
1083327
1591231
476863
1361611
931120
1218546
605370
423397
1274285
824138
750576
1289534
767003
763349
554878
588737
879083
795624
311026
757203
682020
678167
781374
213925
348593
324538
681554
809268
1156770
1372655
412001
624470
537060
604450
660246
1306943
1302197
